DEFAULT_DATAPOINT_DURATION = 0.2

n: 12101966
gauge: 8.74 s
Tag: Default
Num blocks: 1008
Num datapoints: 4399346, max datapoints: 2219
Avg: 0.6676946286179699
average: 57.35 μs
Avg: 0.6676946286179699
average: 48.90 μs
Avg (tags=0,1): 0.6676946286179699
average: 48.81 μs
Avg (tags=0): 0.6676941904100635
average: 24.58 μs
Avg sqrt: 0.8142835195822643
average: 892.23 μs
Max: 0.8197603225708008
max: 144.26 μs
95th: 0.800548324945819
95th: 2211.19 μs
average_in_window: 237.00 μs